sqrt(1) = 1
sqrt(2) = 1.4142135623730951
sqrt(3) = 1.7320508075688772
Negative number
