pi = 3.141592653589793
pi = 3.1415927410125732
pi = 3.140625
