pi = 3.141592653589793
pi = 3.1415927
pi = 3.141
